Generated Cards:
------------------------------------------
player 1:
42 |68 |35 |1 |70 |
25 |79 |59 |63 |65 |
6 |46 |82 |28 |62 |
92 |96 |43 |28 |37 |
92 |5 |3 |54 |93 |
------------------------------------------
player 2:
83 |22 |17 |19 |96 |
48 |27 |72 |39 |70 |
13 |68 |0 |36 |95 |
4 |12 |23 |34 |74 |
65 |42 |12 |54 |69 |
------------------------------------------
player 3:
48 |45 |63 |58 |38 |
60 |24 |42 |30 |79 |
17 |36 |91 |43 |89 |
7 |41 |43 |65 |49 |
47 |6 |91 |30 |71 |
------------------------------------------
------------------------------------------
player 1:
42 |18 |35 |26 |45 |
50 |4 |34 |38 |15 |
6 |21 |32 |28 |62 |
42 |71 |18 |28 |37 |
67 |55 |3 |4 |68 |
------------------------------------------
player 2:
8 |22 |42 |69 |21 |
48 |52 |72 |64 |70 |
38 |18 |50 |11 |70 |
54 |37 |48 |34 |49 |
15 |67 |62 |54 |44 |
------------------------------------------
player 3:
48 |45 |38 |58 |13 |
35 |24 |67 |5 |29 |
17 |36 |66 |43 |64 |
32 |41 |18 |65 |74 |
72 |31 |66 |55 |71 |
------------------------------------------
------------------------------------------
player 1:
2 |3 |0 |1 |0 |
0 |4 |4 |3 |0 |
1 |1 |2 |3 |2 |
2 |1 |3 |3 |2 |
2 |0 |3 |4 |3 |
------------------------------------------
------------------------------------------
player 1:
2 |3 |0 |1 |0 |
0 |4 |4 |3 |0 |
1 |1 |2 |3 |2 |
2 |1 |3 |3 |2 |
2 |0 |3 |4 |3 |
------------------------------------------
------------------------------------------
player 1:
1 |2 |4 |0 |4 |
4 |3 |3 |2 |4 |
0 |0 |1 |2 |1 |
1 |0 |2 |2 |1 |
1 |4 |2 |3 |2 |
------------------------------------------
------------------------------------------
player 1:
1 |2 |4 |0 |4 |
4 |3 |3 |2 |4 |
0 |0 |1 |2 |1 |
1 |0 |2 |2 |1 |
1 |4 |2 |3 |2 |
------------------------------------------
------------------------------------------
player 1:
2 |3 |5 |1 |5 |
5 |4 |4 |3 |5 |
1 |1 |2 |3 |2 |
2 |1 |3 |3 |2 |
2 |5 |3 |4 |3 |
------------------------------------------
------------------------------------------
player 1:
42 |18 |35 |26 |45 |
50 |4 |34 |38 |15 |
6 |21 |32 |28 |62 |
42 |71 |18 |28 |37 |
67 |55 |3 |4 |68 |
------------------------------------------
------------------------------------------
player 1:
42 |18 |35 |26 |45 |
50 |4 |34 |38 |15 |
6 |21 |32 |28 |62 |
42 |71 |18 |28 |37 |
67 |55 |3 |4 |68 |
------------------------------------------
